Some((
    red: 0.9529412,
    green: 0.54509807,
    blue: 0.65882355,
))