Some((
    red: 0.27058825,
    green: 0.27843136,
    blue: 0.3529412,
    alpha: 1.0,
))