Some((
    red: 0.6509804,
    green: 0.8901961,
    blue: 0.6313726,
))