Some((
    red: 0.9764706,
    green: 0.8862745,
    blue: 0.6862745,
))