Some((
    red: 0.79607844,
    green: 0.6509804,
    blue: 0.96862745,
))